=== Rozkład zmiennych numerycznych ===
       Temperature     Humidity        PM2.5         PM10         NO2          SO2           CO  Proximity_to_Industrial_Areas  Population_Density
count  5000.000000  5000.000000  5000.000000  5000.000000  5000.00000  5000.000000  5000.000000                    5000.000000         5000.000000
mean     25.464580    60.068140    29.905580    40.003700    21.00036    15.141060     0.904314                       5.031880          299.948200
std       5.486219    15.044806    30.285899    30.693124    11.30099     7.668466     0.297840                       5.010352           17.215133
min       3.500000    10.000000     0.000000    -1.400000   -13.50000     0.000000    -0.080000                       0.000000          243.000000
25%      21.800000    49.900000     8.500000    18.900000    13.80000     9.900000     0.700000                       1.500000          288.000000
50%      25.300000    60.200000    20.600000    31.100000    20.50000    15.100000     0.905000                       3.500000          300.000000
75%      28.900000    70.100000    41.500000    51.500000    27.50000    20.400000     1.100000                       6.900000          311.000000
max      46.200000   100.000000   249.000000   256.100000    96.40000    41.700000     2.140000                      46.300000          358.000000

=== Rozkład zmiennej kategorycznej ===
Air Quality
Good         2000
Moderate     1500
Poor         1000
Hazardous     500

=== Brakujące wartości ===
Temperature                      0
Humidity                         0
PM2.5                            0
PM10                             0
NO2                              0
SO2                              0
CO                               0
Proximity_to_Industrial_Areas    0
Population_Density               0
Air Quality                      0

=== Macierz korelacji ===
                               Temperature  Humidity     PM2.5      PM10       NO2       SO2        CO  Proximity_to_Industrial_Areas  Population_Density
Temperature                       1.000000 -0.022515 -0.001278 -0.007220 -0.019904  0.018791  0.010354                       0.004483            0.013740
Humidity                         -0.022515  1.000000 -0.016405 -0.012598  0.002352 -0.026426 -0.015681                       0.002464           -0.008795
PM2.5                            -0.001278 -0.016405  1.000000  0.987017  0.004312 -0.023085 -0.004052                      -0.020086           -0.005651
PM10                             -0.007220 -0.012598  0.987017  1.000000  0.001367 -0.025213 -0.005764                      -0.022504           -0.006504
NO2                              -0.019904  0.002352  0.004312  0.001367  1.000000  0.012154  0.012210                      -0.018142           -0.025271
SO2                               0.018791 -0.026426 -0.023085 -0.025213  0.012154  1.000000  0.010447                      -0.002532           -0.002148
CO                                0.010354 -0.015681 -0.004052 -0.005764  0.012210  0.010447  1.000000                      -0.013587           -0.012032
Proximity_to_Industrial_Areas     0.004483  0.002464 -0.020086 -0.022504 -0.018142 -0.002532 -0.013587                       1.000000            0.001083
Population_Density                0.013740 -0.008795 -0.005651 -0.006504 -0.025271 -0.002148 -0.012032                       0.001083            1.000000